-2.306626630373123568e+06
-2.306617388864072971e+06
-2.306614410662161186e+06
-2.306650678553030360e+06
-2.306619231275515165e+06
-2.306619020657015964e+06
-2.306620720710943919e+06
-2.306655586430780590e+06
-2.306619916908335872e+06
-2.306699651766384486e+06
-2.306628544661660213e+06
-2.306638451636068523e+06
-2.306684256981160957e+06
-2.306648048095771577e+06
-2.306615400314804632e+06
-2.306643562570210546e+06
-2.306613037303955294e+06
-2.306651713563117199e+06
-2.306588886667829938e+06
-2.306610094995070715e+06
-2.306648559050743468e+06
-2.306603881520967465e+06
-2.306597125239199027e+06
-2.306619336271199398e+06
-2.306613238494383171e+06
-2.306642782560133375e+06
-2.306663552602759562e+06
-2.306644871533415746e+06
-2.306641459081741981e+06
-2.306656294044631068e+06
-2.306646208748528734e+06
-2.306581786577745341e+06
-2.306604297590089496e+06
-2.306687223106079735e+06
-2.306617452217977494e+06
-2.306772497929670382e+06
-2.306767043693460990e+06
-2.306676088277631905e+06
-2.306640421991949901e+06
-2.306622510594590101e+06
-2.306647937849564012e+06
-2.306642685105896555e+06
-2.306652134562976658e+06
-2.306706432979927864e+06
-2.306700017795578111e+06
-2.306630631468500011e+06
-2.306616704214158934e+06
-2.306586981935656630e+06
-2.306597881238911301e+06
-2.306615114769513719e+06
-2.306611896597308107e+06
-2.306632743987015449e+06
-2.306632883942843881e+06
-2.306661236157990992e+06
-2.306644092243782245e+06
-2.306587347014760133e+06
-2.306671932406405453e+06
-2.306674926040720195e+06
-2.306739022932202555e+06
-2.306665553442823701e+06
-2.306628300117659383e+06
-2.306623179504111409e+06
-2.306642766421496402e+06
-2.306664434497484472e+06
-2.306680057001924142e+06
-2.306667471704450436e+06
-2.306683909695253707e+06
-2.306692325762800407e+06
-2.306666140865550376e+06
-2.306579440882390365e+06
-2.306606667237479240e+06
-2.306590545571011957e+06
-2.306608585564125795e+06
-2.306668815058781765e+06
-2.306775037053310312e+06
-2.306747324292162433e+06
-2.306662718542539980e+06
-2.306649514003437944e+06
-2.306624200864133891e+06
-2.306601979926058557e+06
-2.306567978676081169e+06
-2.306569619413321838e+06
-2.306576033306902274e+06
-2.306621417372258846e+06
-2.306666125441265292e+06
-2.306657686028875876e+06
-2.306631312012702227e+06
-2.306580628094382584e+06
-2.306607200014936272e+06
-2.306639564772353042e+06
-2.306659956289552152e+06
-2.306626239178309217e+06
-2.306679204506200738e+06
-2.306631067871268839e+06
-2.306666206245275214e+06
-2.306671512905330863e+06
-2.306723878493897151e+06
-2.306657507561095525e+06
-2.306712805736644659e+06
-2.306744448475032579e+06
-2.306776950947040226e+06
-2.306728107001943514e+06
-2.306725010219302960e+06
-2.306658286940197926e+06
-2.306635335778780747e+06
-2.306585145274236333e+06
-2.306627771149614360e+06
-2.306656604375327472e+06
-2.306742199864436872e+06
-2.306678581134164240e+06
-2.306617919373610523e+06
-2.306653160660780035e+06
-2.306684987832586281e+06
-2.306671225162963849e+06
-2.306698472061279695e+06
-2.306692674215532839e+06
-2.306682860814975575e+06
-2.306688562304989900e+06
-2.306614653784845024e+06
-2.306595442916257307e+06
-2.306603829841199331e+06
-2.306546875870379619e+06
-2.306505398871907499e+06
-2.306518518619352020e+06
-2.306620089179061819e+06
-2.306692037460343912e+06
-2.306782022927806247e+06
-2.306717715595628135e+06
-2.306693252435108181e+06
-2.306677276554360520e+06
-2.306612806673783809e+06
-2.306591272511463612e+06
-2.306593397366713267e+06
-2.306550973242716398e+06
-2.306606283334401902e+06
-2.306677749661405571e+06
-2.306789624658078887e+06
-2.306732545929572545e+06
-2.306753443847213406e+06
-2.306701677933235653e+06
-2.306606032296294812e+06
-2.306621980442395899e+06
-2.306622023293115199e+06
-2.306663279127704911e+06
-2.306635646260146052e+06
-2.306642305334862787e+06
-2.306696484154199716e+06
-2.306619444702165667e+06
-2.306678432887007948e+06
-2.306699625078879297e+06
-2.306656131052663550e+06
-2.306631526009551249e+06
-2.306609247249054257e+06
-2.306627847043030430e+06
-2.306644459478388540e+06
-2.306683334187880158e+06
-2.306669230698928237e+06
-2.306679062725776341e+06
-2.306678301443202887e+06
-2.306619002827235963e+06
-2.306611409727126826e+06
-2.306620084700440988e+06
-2.306594845622898545e+06
-2.306643043282813393e+06
-2.306781368508452084e+06
-2.306859985492605716e+06
-2.306699139977361076e+06
-2.306674113618083764e+06
-2.306577414677843917e+06
-2.306524517116510775e+06
-2.306503441132868174e+06
-2.306600874806548003e+06
-2.306600849174675532e+06
-2.306627929419705179e+06
-2.306712045445416123e+06
-2.306797747241273057e+06
-2.306768204745357390e+06
-2.306669634442742448e+06
-2.306682083913090639e+06
-2.306672126613592263e+06
-2.306664126532996539e+06
-2.306640859895112924e+06
-2.306685618627272546e+06
-2.306802198672326747e+06
-2.306867434446300380e+06
-2.306939935940602794e+06
-2.306796190591059625e+06
-2.306761331424189266e+06
-2.306673986808778252e+06
-2.306723098352582660e+06
-2.306626054688045289e+06
-2.306648625796972774e+06
-2.306604251810658723e+06
-2.306607542087730020e+06
-2.306653488972859923e+06
-2.306688866210771259e+06
-2.306724379429921973e+06
-2.306765072224701289e+06
-2.306741975020508282e+06
-2.306705629113099538e+06
