7.122857142857142998e-01
6.441428571428571281e-01
6.219999999999999973e-01
6.024285714285714244e-01
7.074285714285714066e-01
6.178571428571428825e-01
6.122857142857143220e-01
7.098571428571428532e-01
6.052857142857143158e-01
6.630000000000000338e-01
6.175714285714285490e-01
6.087142857142857633e-01
6.194285714285714395e-01
6.014285714285714235e-01
6.252857142857143335e-01
6.484285714285714652e-01
6.802857142857142714e-01
6.255714285714285561e-01
6.348571428571428976e-01
6.024285714285714244e-01
5.975714285714285312e-01
6.049999999999999822e-01
6.142857142857143238e-01
6.391428571428571237e-01
5.969999999999999751e-01
5.977142857142857535e-01
7.075714285714285179e-01
6.158571428571428807e-01
5.929999999999999716e-01
6.652857142857142581e-01
6.005714285714285339e-01
6.068571428571428727e-01
6.122857142857143220e-01
6.194285714285714395e-01
5.998571428571428665e-01
6.084285714285714297e-01
6.188571428571428834e-01
6.804285714285713826e-01
6.425714285714285712e-01
6.371428571428571219e-01
6.831428571428571628e-01
6.737142857142857100e-01
5.989999999999999769e-01
6.321428571428571175e-01
6.691428571428571503e-01
7.285714285714285365e-01
6.741428571428571548e-01
6.111428571428570988e-01
6.648571428571428132e-01
7.345714285714285419e-01
7.670000000000000151e-01
7.002857142857142891e-01
6.195714285714285507e-01
6.670000000000000373e-01
6.331428571428571184e-01
6.215714285714285525e-01
6.367142857142856771e-01
6.995714285714286218e-01
6.072857142857143176e-01
6.260000000000000009e-01
6.361428571428571210e-01
6.854285714285713871e-01
7.364285714285714324e-01
6.954285714285713960e-01
7.275714285714285356e-01
7.630000000000000115e-01
7.484285714285714430e-01
7.035714285714286254e-01
6.059999999999999831e-01
6.435714285714285721e-01
6.095714285714285419e-01
6.029999999999999805e-01
6.330000000000000071e-01
6.157142857142857695e-01
6.037142857142857588e-01
6.530000000000000249e-01
6.078571428571428736e-01
5.859999999999999654e-01
6.005714285714285339e-01
6.881428571428571672e-01
6.461428571428571299e-01
6.977142857142857313e-01
7.362857142857143211e-01
7.197142857142857508e-01
6.089999999999999858e-01
6.078571428571428736e-01
6.968571428571428417e-01
6.342857142857142305e-01
6.971428571428571752e-01
6.308571428571428941e-01
6.778571428571428248e-01
6.005714285714285339e-01
6.007142857142857562e-01
6.531428571428571361e-01
5.887142857142857455e-01
5.884285714285714119e-01
6.594285714285714750e-01
6.894285714285713906e-01
6.885714285714286120e-01
7.069999999999999618e-01
7.189999999999999725e-01
7.062857142857142945e-01
7.258571428571428674e-01
7.134285714285714119e-01
7.199999999999999734e-01
6.710000000000000409e-01
6.754285714285713782e-01
6.888571428571428346e-01
6.778571428571428248e-01
6.989999999999999547e-01
6.540000000000000258e-01
6.465714285714285747e-01
6.221428571428571086e-01
6.935714285714286165e-01
7.028571428571428470e-01
7.021428571428571797e-01
7.128571428571428559e-01
7.182857142857143051e-01
6.918571428571428372e-01
6.642857142857142572e-01
6.558571428571428052e-01
6.414285714285714590e-01
5.918571428571428594e-01
6.435714285714285721e-01
7.274285714285714244e-01
7.187142857142857499e-01
6.979999999999999538e-01
7.281428571428570917e-01
7.437142857142856611e-01
7.620000000000000107e-01
7.282857142857143140e-01
5.977142857142857535e-01
5.974285714285714199e-01
6.687142857142857055e-01
7.167142857142857482e-01
7.187142857142857499e-01
7.088571428571428523e-01
6.825714285714286067e-01
6.421428571428571264e-01
6.584285714285714741e-01
6.362857142857142323e-01
6.785714285714286031e-01
7.135714285714285232e-01
7.215714285714285303e-01
6.214285714285714413e-01
7.225714285714285312e-01
7.541428571428571148e-01
7.620000000000000107e-01
7.982857142857142652e-01
7.904285714285714803e-01
7.531428571428571139e-01
7.722857142857142421e-01
7.511428571428571122e-01
7.497142857142856665e-01
7.701428571428571290e-01
7.650000000000000133e-01
7.597142857142856753e-01
7.138571428571428568e-01
7.402857142857143247e-01
6.302857142857143380e-01
7.472857142857143309e-01
7.711428571428571299e-01
7.675714285714285712e-01
7.518571428571428905e-01
7.901428571428571468e-01
7.557142857142856718e-01
7.504285714285714448e-01
7.724285714285714644e-01
7.510000000000000009e-01
7.491428571428571104e-01
7.097142857142857419e-01
6.205714285714285516e-01
5.962857142857143078e-01
6.202857142857143291e-01
6.760000000000000453e-01
6.855714285714286094e-01
7.412857142857143256e-01
7.615714285714285658e-01
7.058571428571428497e-01
7.875714285714285889e-01
7.758571428571429118e-01
6.131428571428571006e-01
6.111428571428570988e-01
6.029999999999999805e-01
6.132857142857143229e-01
6.730000000000000426e-01
6.165714285714285481e-01
6.544285714285714706e-01
5.964285714285714191e-01
6.862857142857142767e-01
6.492857142857142438e-01
6.008571428571428674e-01
6.074285714285714288e-01
6.337142857142856744e-01
7.389999999999999902e-01
7.338571428571428745e-01
7.274285714285714244e-01
6.334285714285714519e-01
5.897142857142857464e-01
6.394285714285714572e-01
